L(x) = 4.19124*(x - 0.6)(x - 1)(x - 1.4) -3.99083*(x - 0.2)(x - 1)(x - 1.4) 0*(x - 0.2)(x - 0.6)(x - 1.4) +0.87623*(x - 0.2)(x - 0.6)(x - 1) 

L(0.8) = -0.20777905863006424

P(x) = -1.6094379124341003 + 2.7465307216702737(x - 0.2) - 1.8368333278191216(x - 0.2)(x - 0.6) + 1.0766491608264093(x - 0.2)(x - 0.6)(x - 1)

P(0.8) = -0.20777905863006443