A: 
5, 8, -2
-7, -2, -4
5, 8, -1

Q: 
-0.5025189076296059, -0.4974683381630911, -0.7071067811865475
0.7035264706814485, -0.7106690545187014, 8.326672684688674e-17
-0.502518907629606, -0.49746833816309094, 0.7071067811865476

R: 
-9.949874371066198, -9.447355463436594, -1.306549159836976
-2.0952114060785814e-16, -6.538155301572054, 4.335081232564079
-7.351665263527287e-17, 4.440892098500626e-16, 0.7071067811865468

A0: 
4.999999999999998, 8, -2
-6.999999999999999, -2, -4
4.999999999999999, 8, -0.9999999999999998

lastA: 
2.222, 6.653, -2.294
-12.914, -0.769, 5.466
0, 0, 0.546

Lambda: 
0.5462168212069738, 0.7268915893965111 + 9.147554639006465i, 0.7268915893965111 - 9.147554639006465i, 