 newton 
x: 0.3394925017041396,2.2922908123314985
iter = 3

 iteration 
x: 0.3395562622799012,2.2922842148043068
iter = 8